Mozilla/5.0 (Macintosh; Intel Mac OS X 10_15_7) AppleWebKit/605.1.15 (KHTML,2025-06-04T09:47:58.000+02:00,1
